0.32594057778251917 0.628058684510032
0.32005978569794924 0.30866614996891417
0.6222021055110024 0.09490349263275244
0.45271802349312684 0.6302457159042724
0.5416814450403225 0.9770202762848935
0.44828176324146196 0.49476183924842954
0.03553968019064124 0.30956888524352544
0.9538078300422143 0.044424100446664117
0.038830158797205305 0.4043702131995799
0.9735968046077241 0.6459791266938172
0.5577969176845341 0.11915785915679933
0.8335515914545106 0.1947661975854279
0.7365656279684727 0.4078700652924423
0.4418553548278259 0.22974884620828706
0.18064277270933793 0.006957997697667806
0.4413445947064262 0.6366015690041019
0.5321279172242279 0.5423669372822042
0.5887190513804417 0.7448608099403647
0.46322373572380904 0.4548805423958424
0.8542754770282405 0.9589034390372732
